A1	A2	A3	B1	B2	B3
0.00861214	0.00874614	0.00827311	0.00243313	0.00173906	0.00173305
0.02697451	0.03002034	0.02657471	0.00894973	0.01291258	0.00943457
2.11582723	2.11533357	2.15163454	3.91501304	3.98488495	3.85148424
0.19717015	0.20006486	0.16114559	0.20754716	0.20064787	0.20932326
0.11647166	0.11893005	0.10562144	0.05929733	0.06412231	0.06543316
0.77967947	0.81196767	0.84168829	0.19767007	0.18878568	0.19459311
7.14649084	6.76277218	7.65979056	4.25443129	4.47529071	4.28752428
0.03583197	0.03379283	0.03350158	0.00032397	0.0005202	0.00037935
0.00447435	0.0043205	0.00412419	0.88969014	0.93208187	0.94606953
0.65991236	0.66509412	0.68998497	0.09392615	0.09248567	0.08682993
0.00042771	0.00042771	0.00042771	0.00032397	0.00032397	0.00032397
0.00290877	0.00230564	0.00222109	0.46515301	0.47452726	0.47124201
0.00042771	0.00042771	0.00042771	0.00032397	0.00032397	0.00032397
0.00042771	0.00042771	0.00042771	0.0007457	0.00079083	0.0006194
1.10256154	1.06405954	1.07379387	0.14390823	0.13963405	0.14414066
0.01983119	0.02260484	0.02173581	0.01964999	0.02019711	0.02141668
0.14471768	0.14403576	0.14780878	0.06763357	0.07137554	0.06814108
0.35958878	0.36811576	0.3712584	0.22673551	0.22015135	0.21279514
0.05988845	0.06483264	0.06332949	0.02671003	0.02926226	0.03141666
0.53116734	0.55068701	0.59118824	0.01010352	0.01169963	0.00968967
0.14942418	0.1463118	0.14968676	0.11474273	0.10106245	0.1142901
0.00195132	0.00127365	0.00218162	0.00090285	0.0011517	0.00081415
0.47551756	0.47575182	0.49999449	0.32182456	0.35480452	0.35957688
0.43332903	0.45347894	0.4790904	0.43597107	0.42413341	0.44590463
0.17297854	0.17450314	0.17292459	0.02712888	0.02731545	0.02547608
0.00566978	0.00512257	0.00486789	0.00032397	0.00032397	0.00032397
1.234896	1.32509476	1.31530151	0.10887709	0.10305162	0.12282173
0.00046256	0.00043538	0.00042771	0.00032397	0.00032397	0.00032397
0.00042771	0.00042771	0.00074602	0.00058518	0.00045026	0.00059613
0.00042771	0.00042771	0.00042771	0.00032397	0.00032397	0.00032397
0.00042771	0.00042771	0.00042771	0.00254646	0.00245239	0.00253857
0.59298581	0.62408171	0.64462028	0.43987259	0.40459083	0.45671994
0.01382586	0.01500025	0.01614514	0.09520838	0.08679268	0.08642198
3.99925977	3.80410043	4.02333268	2.07623642	2.14438205	2.18051684
0.00042771	0.00042771	0.00042771	0.00159522	0.00167039	0.00035347
0.43174243	0.43102648	0.43496541	0.00033957	0.00032397	0.00032397
0.26369925	0.30037884	0.26971666	1.10143584	1.06654985	1.09739686
0.00485981	0.00373978	0.00424626	0.00032397	0.00032397	0.00032397
1.14852541	1.25828486	1.15073431	0.43550714	0.44942111	0.43344811
0.02106009	0.02039316	0.02229076	0.44667124	0.4369196	0.45801668
1.00560813	0.93198152	1.05098331	1.07452217	0.96616944	0.99108315
0.74903802	0.77035115	0.79098397	0.01298257	0.01452781	0.01389984
0.00152785	0.00194621	0.00177545	0.13737523	0.13998378	0.14637988
0.00042771	0.00042771	0.00042771	0.01149771	0.01157375	0.01223797
0.02397391	0.02094638	0.02374576	2.26686617	2.35537172	2.37243142
0.12704758	0.12607904	0.1352743	0.25931712	0.2422216	0.2760564
0.00054143	0.00042771	0.00055237	0.00032397	0.00032397	0.00032397
0.01119068	0.01115723	0.00967401	0.85565792	0.79809743	0.80183876
0.15317372	0.15043613	0.15633056	2.32257298	2.34434602	2.43014511
0.40803034	0.4118203	0.42409237	0.06505944	0.06149596	0.06460015
0.33271908	0.33512355	0.33518562	0.16580793	0.15800239	0.16232666
0.25723091	0.25941593	0.26244551	0.08963327	0.08660582	0.08076779
0.00488172	0.00469378	0.00476914	0.05219453	0.05135883	0.05388913
0.15000803	0.18429414	0.21548012	0.11489983	0.10964066	0.1248076
0.0932759	0.09797053	0.09632559	0.02730792	0.0258763	0.02719364
0.00140403	0.00086056	0.00067897	0.03756769	0.00628096	0.04085238
0.00159898	0.0016905	0.00151116	0.10710187	0.09482333	0.09507981
0.00353225	0.00540629	0.00463024	0.14571135	0.14426526	0.15270535
0.01756984	0.01791755	0.01727606	0.32321584	0.32922177	0.32852714
0.00042771	0.00042771	0.00042771	0.00032397	0.00032397	0.00032397
0.5950078	0.58845929	0.56828283	0.06917144	0.07750464	0.07826898
0.0241685	0.02315461	0.02502813	0.87306186	0.88908498	0.90097524
0.52120843	0.56046918	0.59477606	0.65991258	0.740799	0.70905503
0.44164149	0.46120445	0.47761405	0.37097126	0.39433679	0.37450033
0.35156866	0.35529788	0.35983862	0.20090643	0.2061469	0.22314852
0.00162365	0.00188084	0.00190342	0.23536581	0.24373927	0.24219672
0.84750423	0.84849554	0.84971647	0.29886899	0.28871355	0.29691271
0.32911264	0.32928074	0.36189489	0.07478983	0.0792186	0.08297071
0.12770144	0.12910917	0.12842583	0.06791943	0.06820916	0.07003937
0.01808457	0.01879962	0.01992383	0.00032397	0.00032397	0.00032397
0.53070792	0.53269554	0.58657847	0.07061365	0.06465803	0.06979677
0.00232105	0.00167293	0.00219017	0.17444616	0.17292322	0.18385964
1.04462698	1.13018768	1.03646832	0.26475504	0.2789513	0.26725641
0.00130528	0.00131685	0.00152049	0.00032397	0.00032397	0.00032397
0.03523936	0.03843591	0.03696598	0.04066985	0.0420638	0.04074444
0.00042771	0.00042771	0.00042771	0.00032397	0.00032397	0.00032397
0.39936409	0.37338806	0.3937895	0.5415497	0.5378174	0.53444619
0.28124395	0.29669688	0.29949099	0.48599317	0.4751559	0.50305807
0.18685305	0.19552364	0.20792523	0.17780026	0.19366948	0.18874021
0.02309653	0.02424148	0.02119566	0.23123836	0.24186966	0.23754593
0.41212555	0.42175752	0.43729229	0.14538826	0.13574261	0.14495678
0.00042771	0.00042771	0.00042771	0.00040252	0.00053557	0.00037595
0.04861309	0.05284677	0.05113466	0.0411828	0.03864154	0.03209175
0.00237547	0.00212152	0.00249228	0.00032397	0.00032397	0.00032397
0.00042771	0.00042771	0.00042771	0.00032397	0.00032397	0.00032397
0.00042771	0.00042771	0.00042771	0.00032397	0.00032397	0.00032397
0.00042771	0.00044503	0.00066275	0.00724795	0.0052598	0.00695395
0.558984	0.57403778	0.60113965	0.67804063	0.73286955	0.67893944
0.19276577	0.1892549	0.19211976	0.06412412	0.06897374	0.06381966
0.00042771	0.00042771	0.00042771	0.00554589	0.00507277	0.00512698
1.09027646	1.13579597	0.99145258	0.42055306	0.42990653	0.45080646
8.35421739	8.69283906	8.60504618	9.01422507	8.98840395	8.83843582
0.08778096	0.08843384	0.09089801	0.00854912	0.00883973	0.00806172
50210.01446	40032.59397	49728.1755	51663.95253	52588.58178	46825.01772
1.36897717	1.40230102	1.37847259	1.01640756	1.04249167	1.01654414
0.00166321	0.00144358	0.00136933	0.17190132	0.17752947	0.18378566
1.00529509	0.99159624	0.99466372	0.98352344	0.96407771	1.03724208
1.66337411	1.65077136	1.59573961	1.11156138	1.17996304	1.12087667
0.86616477	0.9258118	0.94603056	0.57214986	0.54224424	0.59797897
1.24158268	1.23300055	1.32266726	0.39324306	0.3974214	0.4057505
0.0405401	0.03911261	0.04453374	0.00041786	0.00044873	0.00043587
0.03315072	0.03281362	0.03071299	0.14404127	0.14107303	0.14636553
0.03331399	0.03236783	0.03436112	0.00224955	0.00157925	0.00195832
0.1222121	0.12501611	0.1267636	0.47904105	0.50148884	0.48806551
0.67267976	0.64404033	0.66824893	0.0056912	0.00632573	0.00633069
0.03476038	0.04059081	0.03775462	0.12360742	0.14590995	0.13461814
0.18914375	0.19936572	0.18868275	0.03372797	0.03231381	0.03136099
0.09767906	0.09867997	0.11153478	0.0859405	0.08241479	0.08876636
0.04904431	0.04887634	0.05638704	0.2839583	0.28773698	0.29949759
0.11488771	0.11206686	0.10994814	0.03631	0.03516027	0.03820742
0.31498221	0.32279752	0.34039013	0.35962574	0.37466768	0.37735886
0.0023375	0.00383613	0.0026384	0.61746811	0.64181215	0.65027905
0.14426702	0.14324366	0.16199557	0.20544626	0.20105578	0.2249262
0.02142563	0.02139053	0.02063704	0.01440091	0.01572023	0.01571548
0.19549752	0.20665156	0.20257744	0.12048281	0.12310197	0.13577055
0.00288611	0.00212131	0.00146209	0.00040228	0.00040228	0.00040228
0.00038451	0.00038451	0.00038451	0.01770419	0.01859192	0.01817629
0.00038451	0.00038451	0.00038451	0.00511497	0.00603509	0.00564306
0.35864193	0.36363104	0.37287066	0.1687043	0.17193656	0.1728522
0.01819456	0.01910853	0.01800561	0.01187536	0.01165814	0.01158197
0.55388365	0.53544006	0.54006409	0.43009571	0.40701097	0.40626627
0.0005247	0.00045469	0.00059185	0.00099166	0.00082595	0.00095752
0.00115193	0.00123928	0.00101806	0.34779203	0.33558679	0.32833782
0.00038451	0.00038451	0.00038451	0.01893097	0.01755989	0.02071368
0.06579015	0.07164701	0.07319102	0.05090924	0.05135144	0.04490031
0.3696672	0.38150872	0.38710658	0.24586637	0.25856996	0.2789396
0.01396086	0.01224601	0.01102508	0.19184221	0.19260938	0.18277284
0.07779938	0.06887154	0.07775305	0.92662259	0.96500939	0.93077134
0.00038451	0.00038451	0.00038451	0.01855417	0.0176213	0.02248346
0.01103197	0.01049715	0.0102206	0.01070993	0.01079969	0.01086162
0.06367169	0.06537897	0.07034927	0.18828254	0.20122272	0.17364891
0.26767358	0.27240345	0.2808405	0.00044699	0.00040285	0.00052609
0.17781469	0.18001106	0.17974067	0.05524236	0.05171031	0.05454403
0.70241685	0.70787297	0.71939953	0.47412338	0.48961429	0.50189481
0.1785918	0.18431333	0.1782613	0.27555993	0.27643838	0.27324628
0.37951154	0.38747312	0.39190908	0.63495143	0.6444747	0.66795537
0.01425501	0.01258205	0.01229912	0.24125073	0.23045762	0.24395029
0.00038451	0.00038451	0.00038451	0.00040228	0.00040228	0.00040228
0.43476588	0.42781556	0.98403877	0.04895298	0.04738339	0.04538875
0.11196334	0.11147355	0.12182931	0.51009274	0.45006448	0.46251009
0.00268402	0.00211593	0.00189026	0.00240983	0.00352978	0.0029176
0.0073825	0.00827782	0.0048478	1.82553755	1.94724652	1.96334816
0.15155857	0.15427058	0.1529681	0.2488408	0.2572205	0.25746314
0.00063682	0.00051037	0.00058749	0.00124747	0.0009179	0.00126486
0.07509333	0.07253376	0.07299443	0.19548933	0.20193041	0.2058921
0.00038451	0.00038451	0.00038451	0.00081621	0.00179627	0.00100525
0.03976894	0.03940566	0.03884107	0.08577191	0.07890181	0.07788362
0.04439118	0.04330756	0.04646751	0.00586641	0.00555563	0.00449966
0.01350496	0.01184948	0.01329263	0.00659181	0.00650225	0.00843678
0.34518092	0.32857848	0.34333727	0.30734495	0.31475045	0.35150039
0.12283178	0.12873538	0.13166254	0.00841451	0.00782586	0.00882098
0.29759645	0.30047362	0.31260895	0.46495984	0.52838613	0.48633552
0.0742184	0.07186653	0.07523262	0.07375732	0.07439161	0.07769235
0.57181223	0.57333594	0.57059691	0.78744897	0.80117811	0.76962636
0.00512542	0.00464105	0.00523987	0.00040228	0.00040228	0.00040228
0.6066101	0.60182277	0.61840237	0.64788	0.636724	0.66432194
0.28931119	0.29719914	0.28789557	0.21014526	0.20493491	0.19649621
0.00134108	0.00131873	0.00133874	0.00095085	0.0007265	0.00079585
0.10277985	0.09997188	0.11397244	0.19797767	0.20248667	0.21069836
0.0292975	0.03227928	0.03179805	0.02914966	0.02987662	0.03015804
0.02270492	0.02469443	0.02511051	0.01139965	0.01137731	0.01282214
0.1060027	0.10752883	0.11143047	0.44638296	0.41172805	0.43736914
0.10714779	0.10667183	0.1057774	0.10276682	0.10649819	0.09995941
0.87221056	0.95211202	0.87837385	0.80934216	0.85030405	0.80392703
0.02111408	0.0221524	0.02226593	0.16325227	0.16602165	0.16970457
0.3416977	0.34882527	0.34565384	0.281037	0.29093024	0.28999241
0.38212705	0.38264079	0.41343693	0.21567073	0.23452708	0.23477122
0.00038451	0.00039108	0.00038451	0.00077085	0.00084194	0.00095804
0.70326908	0.70130276	0.73063359	0.31721176	0.3371554	0.34143037
0.03747186	0.04417525	0.03810568	0.1149079	0.13060265	0.12162794
0.00204012	0.00219549	0.00169135	0.1946597	0.19460172	0.19929729
1.028294	1.05864514	1.10075443	0.75770836	0.71564357	0.72882193
0.04571913	0.04707699	0.05160662	0.0162206	0.01698981	0.01723349
0.00381853	0.00366622	0.00420178	0.39881126	0.39808185	0.40434476
0.25931723	0.26640394	0.27996169	0.1465989	0.13935112	0.13834801
0.71312273	0.71250547	0.74901836	0.68518958	0.68013711	0.71051679
0.05356475	0.04951198	0.05393125	3.63380006	3.43212532	3.39056784
0.07728941	0.08078434	0.08390769	0.02214539	0.02357472	0.02392194
0.00342858	0.00547982	0.00504412	0.04684253	0.04801712	0.05147576
0.02335632	0.02141703	0.02420267	0.01113972	0.01278381	0.01204863
0.61840631	0.61844082	0.63342649	0.65683677	0.67350693	0.65874467
0.24619052	0.25278211	0.26549477	1.03794848	1.04812644	1.1843473
0.04943383	0.04765001	0.04732368	0.00841863	0.00744062	0.00862054
0.00546542	0.0060235	0.00589147	0.00059309	0.00040228	0.00040228
0.03748726	0.03942246	0.04004932	0.19813348	0.19283182	0.19361546
1.51134127	1.57492436	1.53603631	0.7953782	0.7971304	0.79321925
0.00038451	0.00038451	0.00038451	0.00040228	0.00040228	0.00040228
7.25859057	7.37369939	7.68687827	10.68085142	10.79183912	10.69410714
9.00798423	9.37113064	9.67049764	5.03655536	5.10301836	5.20015448
47522.05883	48921.60651	50862.88164	60222.57768	58080.9689	60667.72871
1.24779618	1.32549298	1.2749469	1.22986006	1.2405322	1.21040278
0.28896424	0.28805455	0.27056283	0.18620105	0.18341914	0.18487253
0.9658518	1.00748151	1.03196215	1.00734027	0.97454453	0.99408979
0.8474457	0.84270206	0.85510729	0.62532403	0.6363221	0.64739669
0.18408952	0.19376822	0.18735192	0.50330092	0.53028495	0.51153101
0.02998768	0.02565195	0.02532777	0.00040984	0.00040984	0.00040984
0.00038713	0.00038713	0.00045428	0.05785307	0.0669802	0.0692376
0.33252057	0.33664308	0.34032014	0.13667614	0.13538584	0.13740105
0.00204491	0.00146556	0.00239435	0.37043143	0.38122319	0.36105102
0.02430801	0.02447961	0.02507629	0.03419235	0.03478475	0.03453087
0.05110295	0.04812937	0.05479649	0.17694497	0.16559104	0.18289156
0.45706695	0.46481221	0.46222054	0.18463784	0.18858863	0.19278901
0.44516992	0.45415319	0.42190742	0.72094383	0.72309811	0.73031826
0.00924519	0.00998818	0.0100131	0.15945798	0.16304327	0.17325968
0.62830515	0.61504951	0.66321982	0.8331039	0.84549393	0.88925173
0.13921971	0.13434794	0.13940995	0.23774983	0.22562612	0.23742652
0.10814211	0.11379838	0.10936114	0.29695584	0.28599206	0.29956202
0.0047779	0.00628197	0.00557629	0.00040984	0.00040984	0.00040984
0.00038713	0.00038713	0.00038713	0.00040984	0.00040984	0.00040984
0.00280525	0.00329843	0.00289882	0.00375044	0.00460415	0.00426587
0.17568269	0.16799452	0.17764412	0.00040984	0.00040984	0.00040984
0.02253243	0.01596853	0.02095242	4.65772334	4.69442929	4.8849576
0.33924837	0.35165867	0.34746504	0.49176246	0.49713147	0.51111799
0.00129098	0.00134387	0.00168189	0.19224996	0.19356374	0.19231245
0.1428537	0.13434737	0.14957385	0.00381837	0.00371915	0.00464231
0.00048813	0.00055979	0.00094618	0.00274493	0.00109341	0.00228297
0.08610603	0.08042711	0.08328902	0.00256612	0.00316914	0.00292126
0.00240503	0.0021745	0.00152149	0.00116141	0.00161526	0.00124363
0.00658201	0.0069335	0.00633788	0.00221315	0.0017843	0.00226811
0.00488969	0.00503344	0.00521861	0.00255654	0.00225059	0.00282831
0.00727252	0.00751988	0.00609596	0.01294507	0.01376735	0.01236265
1.21399163	1.24997658	1.21345705	0.46361977	0.47799119	0.46936739
0.13572585	0.1380959	0.13107195	0.11914705	0.12273479	0.12700697
0.14256831	0.14946352	0.15330032	0.1438106	0.13650035	0.14472498
0.00038713	0.00038713	0.00038713	0.00040984	0.00040984	0.00040984
0.06057229	0.05938898	0.06048704	0.04115668	0.04077511	0.0387091
0.00264829	0.00243705	0.00244424	0.0379716	0.03534092	0.03429645
0.31856811	0.32310905	0.32070635	0.54109972	0.53560206	0.52567336
0.006803	0.00705771	0.00719567	0.00816531	0.00719219	0.00785106
0.49420065	0.47290384	0.53888709	0.46103631	0.43141375	0.4533548
0.00038713	0.00038713	0.00038713	0.00040984	0.00040984	0.00040984
0.00038713	0.00038713	0.00038713	0.00125732	0.00109661	0.00124961
0.00309802	0.00317383	0.00340988	0.04919121	0.05181809	0.04849272
0.19753312	0.20355901	0.2108029	0.19925953	0.23127031	0.2487984
0.24799926	0.24610052	0.2465101	0.21875593	0.22280052	0.21914193
0.00331443	0.00330106	0.00366815	0.86186308	0.87746709	0.81032298
0.18101632	0.17145521	0.18341943	0.32975902	0.34781101	0.34980996
0.018218	0.02100979	0.02029156	0.07561884	0.09155861	0.08495103
0.0179537	0.01927265	0.01673607	0.00040984	0.00040984	0.00040984
0.17516115	0.1702765	0.17090673	0.1204826	0.12168959	0.13052264
0.8283046	0.86213081	0.83686523	0.68679454	0.74477557	0.74625397
0.00251089	0.00233392	0.00260887	0.10049127	0.0974627	0.10649297
0.58358987	0.5693212	0.58282271	1.01936343	1.06394853	1.05269814
0.07336576	0.07018268	0.07551121	0.01284508	0.01167205	0.01324263
0.08904321	0.08815627	0.09174044	0.0446814	0.04358886	0.04704041
0.24345435	0.24501276	0.25009005	0.12140599	0.12549137	0.12514971
0.09051239	0.08902237	0.08969579	0.22991797	0.22986493	0.24364878
0.17280195	0.17272199	0.17576398	0.06729447	0.0721094	0.07150413
0.02755174	0.02861562	0.03236206	0.00040984	0.00040984	0.00040984
0.21783894	0.2223675	0.23660598	0.13341596	0.13905317	0.13130015
0.32648584	0.34957021	0.32691889	0.31636062	0.32697369	0.31175229
1.22334744	1.13988353	1.21175151	0.40920264	0.4136419	0.43957458
0.06777987	0.06926429	0.07886175	0.01098805	0.0110823	0.01044753
0.02220746	0.02618047	0.02581185	0.01360783	0.01273828	0.0142181
0.0433211	0.04650431	0.04362335	0.00751683	0.00610657	0.00646297
0.0528575	0.05799987	0.06318521	0.0749997	0.07699282	0.07883587
0.01999551	0.02147166	0.01973453	0.025216	0.02357436	0.02432385
0.00113079	0.00119758	0.00113171	0.00040984	0.00040984	0.00040984
0.3122072	0.33605358	0.32742767	0.00078625	0.00044367	0.00040984
0.00422599	0.00317983	0.00561639	0.00040984	0.00040984	0.00040984
0.18470347	0.18236808	0.1935434	0.24177748	0.24299364	0.24130911
0.00083134	0.00074923	0.00094719	0.00170766	0.00160841	0.00146765
0.01982365	0.01866496	0.01832103	0.00040984	0.00040984	0.00048788
0.42269166	0.4237636	0.40520429	0.27886313	0.28247557	0.28960882
0.00038713	0.00038713	0.00038713	0.00040984	0.00040984	0.00040984
0.14216851	0.1385397	0.13976352	0.06064901	0.06337344	0.0619613
0.01219902	0.01255715	0.01158918	2.35052491	2.39226374	2.39067379
0.32960469	0.34569423	0.3570597	0.1971557	0.20160827	0.1986218
0.26653521	0.25471657	0.27862402	0.3690687	0.36935247	0.37276887
0.98290882	1.04682342	0.99969051	1.08874156	1.09206307	1.1708256
0.00147549	0.00124659	0.00148482	0.00040984	0.00040984	0.00040984
0.03867103	0.03896008	0.03970103	0.05980406	0.05085381	0.05506669
0.02160184	0.01583433	0.01862356	0.00043506	0.00040984	0.00055259
0.02946141	0.03057299	0.03106146	0.03042475	0.02948997	0.02878402
0.00040596	0.00086358	0.00130516	0.00104929	0.00152343	0.00142372
0.00038713	0.00038713	0.00038713	0.00040984	0.00040984	0.00040984
0.03474828	0.03019773	0.0357079	0.00040984	0.00040984	0.00040984
0.02257088	0.02189595	0.02070104	0.09348662	0.09806147	0.09090106
0.00038713	0.00038713	0.00038713	0.00040984	0.00040984	0.00040984
0.2090621	0.20614523	0.21276937	0.09700358	0.10510993	0.10806613
0.31688939	0.32529823	0.33261442	0.13836976	0.1381016	0.14402537
0.08099083	0.08859516	0.08367261	0.23543213	0.23518131	0.24186967
0.00792658	0.00613702	0.00833044	1.43237187	1.55124073	1.52239684
0.52512349	0.51681855	0.54363512	0.22181709	0.21550772	0.21856702
7.85276324	7.78930711	8.02909053	10.98884452	11.02572561	11.11354495
50606.60597	50567.94078	50570.89497	57225.45666	60890.63974	64146.96065
1.33083215	1.29432679	1.33808707	1.22120273	1.242758	1.26551267
2.4621278	2.47183999	2.59083135	0.22285458	0.23861371	0.24224733
0.60615322	0.63363328	0.64165189	3.15351163	3.31838924	3.23968396
0.02879063	0.0285456	0.02879847	0.0004356	0.00050547	0.00077988
0.00270507	0.00340115	0.00289423	0.00072542	0.00095136	0.00130146
0.01457939	0.01665516	0.01454156	0.00600058	0.00625395	0.00675092
0.29369971	0.29370667	0.2876982	0.38160794	0.396184	0.38260719
0.00037878	0.00037878	0.00037878	0.00040849	0.00040849	0.00040849
0.00767988	0.00773586	0.00752156	0.00074767	0.00057318	0.00040849
0.00270679	0.00250903	0.00252023	0.01305841	0.01399493	0.01235603
0.39629822	0.3941017	0.38674068	0.61935467	0.60657972	0.61394359
0.44228773	0.45227558	0.45599567	0.00040849	0.00040849	0.00040849
0.16453417	0.15852676	0.16295127	0.00040849	0.00040849	0.00040849
0.14590266	0.15028286	0.15578803	0.00495636	0.00529228	0.00472793
0.00762297	0.00671969	0.00796862	0.01151102	0.01168761	0.01276366
2.64967194	2.64210984	2.66730377	0.00040849	0.0004393	0.00060763
0.00037878	0.00037878	0.00037878	0.00040849	0.00040849	0.00040849
2.09900407	2.18194362	2.42977862	3.23359194	3.00943916	3.39190234
0.04293604	0.03915045	0.03845784	0.00040849	0.03691206	0.02964681
0.17942866	0.17970797	0.20456236	0.52143577	0.54928138	0.59096414
0.81304413	0.84137232	0.88662944	0.00040849	0.00040849	0.00040849
0.59295343	0.5988248	0.6090664	0.08208904	0.08078122	0.08631093
0.00037878	0.00037878	0.00037878	0.00040849	0.00040849	0.00040849
0.9914251	0.99119843	1.01584405	0.95934842	0.97843753	1.04260172
0.07140072	0.07306165	0.06790832	0.06838814	0.07103352	0.07321145
0.08036194	0.08051449	0.08620442	0.03412559	0.03429275	0.03284265
0.01942025	0.02105405	0.02144714	0.0251813	0.02607262	0.02591403
0.02166268	0.02171669	0.02138055	0.00118238	0.00102299	0.00069427
0.00037878	0.00037878	0.00037878	0.00303118	0.00324034	0.00304918
1.04619054	1.04298973	0.94699129	0.20683306	0.19958989	0.20335003
0.02001118	0.01914872	0.01849857	0.00148617	0.00147482	0.00137578
0.61671882	0.61580967	0.63698545	0.20651155	0.21794674	0.21386785
1.14747081	1.22894357	1.15782255	0.01644639	0.01527978	0.01552956
0.18851279	0.19351393	0.1932186	0.4044268	0.41253473	0.40897763
0.02129372	0.02197486	0.02191894	0.06418707	0.06609246	0.05994187
0.01614679	0.01645791	0.01387188	0.0185307	0.01771995	0.01874005
0.16859656	0.17837293	0.1768549	3.04892955	3.12343131	3.07909712
0.26999389	0.28191598	0.28421386	0.49189694	0.48691495	0.49772666
0.63708125	0.60277217	0.59695663	0.49001224	0.52359576	0.50096279
0.7508643	0.76336777	0.76268673	0.27111914	0.27487954	0.2822222
0.43355865	0.43406712	0.45165899	0.33875514	0.32049921	0.32201863
0.04237517	0.0432119	0.0385114	0.00040849	0.00040849	0.00040849
0.51728637	0.4980497	0.50228392	0.5650309	0.57646226	0.61051994
0.00278173	0.00286486	0.00289972	0.00040849	0.00040849	0.00040849
0.74714471	0.72688387	0.74531886	0.7440426	0.76960007	0.73677594
0.00460233	0.00475369	0.00503761	0.00055061	0.00083836	0.00058259
0.49400766	0.51205548	0.50276746	0.16439213	0.15367803	0.16503402
0.16906711	0.17698679	0.17198404	0.19726295	0.19822259	0.19270648
0.68220495	0.71455242	0.76287641	0.62834413	0.65214292	0.67247684
1.23534163	1.18222545	1.22822785	0.72545216	0.74228431	0.78020057
1.15263473	1.20692359	1.22001846	0.00924579	0.00936194	0.01166408
0.18540117	0.17524095	0.18253029	0.06856998	0.06340573	0.06112712
0.5189818	0.53083297	0.49093355	0.10833082	0.10627195	0.12205801
2.77754315	2.83307881	2.94090874	2.20588996	2.29859484	2.27912036
0.4356548	0.44090904	0.43843691	0.20214184	0.20194111	0.21159828
0.10422082	0.10195803	0.10174722	26.32644223	27.55448414	26.33502188
0.53618781	0.51083926	0.54163221	4.19554545	4.40950054	4.50205366
2.17930859	2.22344996	2.32106655	1.77330678	1.72462098	1.78096755
0.09546372	0.09429952	0.09817617	0.44909009	0.44847123	0.43311645
0.11142345	0.10361758	0.1065857	4.37910697	4.50554077	4.47751397
0.00283681	0.00190006	0.00465405	0.0006905	0.00040849	0.00040849
3.78516512	3.91035749	3.88955853	1.92728286	2.00086431	1.83575138
0.01556103	0.01880302	0.01777006	0.92755861	0.89519947	0.92098804
0.00333488	0.00382967	0.00291832	0.00040849	0.00040849	0.00040849
0.02405618	0.02430058	0.02294518	0.01774083	0.01653642	0.01710798
0.07478059	0.0711417	0.06776359	0.57225735	0.6214786	0.58996898
0.00482386	0.00374455	0.00472433	0.15175858	0.1484798	0.16094845
0.22213546	0.23828551	0.24834215	0.00427133	0.00386635	0.00559439
0.00060662	0.00068661	0.00057224	0.10477674	0.10910619	0.11336779
0.03426534	0.03582424	0.03228352	0.02758145	0.02671008	0.02744955
0.14077332	0.1490903	0.13468295	0.00040849	0.00040849	0.00040849
0.4614762	0.49171393	0.50580958	0.08631078	0.08882549	0.08897484
0.29676904	0.28844198	0.2961938	0.25741053	0.24211708	0.26270414
0.0210736	0.02355988	0.02440877	0.01905491	0.02099958	0.02171389
0.03983612	0.04187326	0.03964983	0.08499054	0.08652702	0.08451862
0.00037878	0.00037878	0.00037878	0.00040849	0.00040849	0.00040849
0.00619629	0.00629602	0.00762319	0.00324268	0.00313654	0.0040048
0.00845911	0.00830798	0.00786108	0.01569853	0.01819315	0.01840701
0.18189874	0.1823298	0.18296809	0.17113626	0.1748054	0.17861811
0.0024349	0.00238033	0.00277817	0.00040849	0.00040849	0.00040849
0.06556852	0.06777679	0.06775819	0.00063411	0.00062151	0.00040849
0.00606303	0.00433686	0.00522087	0.06717454	0.06560371	0.06872903
0.00037878	0.00037878	0.00037878	0.00040849	0.00040849	0.00040849
2.49238036	2.40023787	2.40406535	0.07734119	0.07973577	0.07940439
0.00228909	0.00229326	0.00293627	0.11365294	0.10141513	0.10529175
0.58882356	0.57416423	0.58139904	0.61092135	0.62188839	0.59761303
2.26672266	2.37865292	2.36053913	0.67540765	0.68972547	0.73668106
0.80435994	0.81984315	0.7841477	0.30136731	0.33969096	0.32908695
0.36242011	0.37138903	0.37652426	0.12642073	0.14148441	0.14741364
0.30359652	0.31426146	0.31549651	0.30919027	0.31835539	0.33065012
0.12587649	0.11311083	0.1308673	0.64257825	0.63224818	0.62571473
0.64130892	0.61244869	0.64739882	0.19077623	0.18917314	0.19311826
0.51408474	0.53875346	0.53157138	0.46292294	0.44705093	0.46781483
0.00379928	0.0039193	0.00358063	0.01681071	0.01698911	0.01591854
7.83098658	7.87220481	7.84809517	10.75665564	10.91419434	11.21319913
47154.38937	52121.78818	49387.56365	61263.59001	57842.53979	59115.32413
1.25636567	1.23922581	1.27665267	1.27777321	1.23985502	1.27550918
3.7248729	3.69436338	3.66019778	0.09418098	0.08799956	0.08720981
0.54601851	0.56563007	0.52316937	0.00700296	0.00742009	0.00715433
0.37893171	0.39950298	0.38187391	0.25450968	0.24307711	0.24336296
0.00069351	0.00062704	0.00064852	0.00047983	0.00047983	0.00047983
0.0045511	0.00389014	0.00365861	1.28205696	1.34334981	1.30557485
0.21684035	0.21522689	0.20939313	0.09632862	0.10026649	0.09909807
0.23953117	0.25538939	0.25975147	0.18594963	0.19413901	0.19549791
0.37931016	0.38903783	0.39581787	0.29569284	0.28812222	0.26484851
0.07937579	0.07425931	0.08218194	0.02396796	0.02558032	0.02679377
0.01072962	0.01083334	0.01168587	3.45492702	3.54867063	3.18448237
0.1801032	0.17244805	0.17627612	0.30600457	0.31070761	0.3061214
0.15521759	0.14694488	0.14592281	0.00783844	0.00738259	0.0084603
3.24167533	3.29279082	3.46625979	1.6378083	1.69023857	1.7502529
0.37898669	0.39596349	0.38436586	0.21860414	0.22768694	0.22660928
0.03984933	0.04044083	0.03957397	2.4177288	2.3885177	2.15448812
0.74158189	0.77288534	0.73176201	0.2276274	0.24052625	0.22938294
0.2072277	0.21953199	0.22029931	0.14709571	0.14132064	0.14654304
0.01862617	0.02041259	0.02214852	0.06204172	0.06229042	0.07439097
0.00050608	0.00050608	0.00050608	0.00047983	0.00047983	0.00047983
0.23184289	0.23885055	0.22619789	2.12677323	2.05511172	2.13395849
0.13095837	0.13421371	0.13095844	0.11281304	0.11642857	0.1147647
0.52795871	0.56210777	0.55350423	0.42833265	0.41143118	0.4332004
8.24295893	8.25589674	8.16835822	1.08210588	1.06078014	1.09849853
0.00050608	0.00050608	0.00050608	0.0011061	0.00048019	0.0005738
0.00673385	0.00640701	0.00770573	0.00413581	0.00377048	0.00473977
0.08221287	0.07967293	0.07540177	0.22388859	0.29007121	0.29652652
0.00708544	0.00886802	0.00920218	1.23963224	1.24847961	1.2353315
0.97781334	0.99362103	1.01468547	1.00045408	0.96251592	1.00789273
2.61145649	2.71672146	2.65060527	0.22858283	0.23347258	0.23389845
0.21954213	0.21766877	0.23005478	0.25712192	0.26191105	0.29435544
0.2989371	0.31003007	0.30758721	0.16959744	0.17208983	0.18003845
0.00050608	0.00050608	0.00050608	0.00047983	0.00047983	0.00047983
0.31062463	0.30704417	0.27642577	3.34321516	3.17660676	3.21575649
0.48032567	0.48697954	0.48847043	0.1050587	0.10743116	0.10547104
0.00187176	0.00167889	0.00368632	0.00058913	0.00096419	0.00137363
0.00050608	0.00050608	0.00050608	0.00102797	0.0007967	0.00089956
0.2372197	0.23068429	0.23257166	0.16047668	0.18377828	0.15305819
0.00208821	0.00197291	0.00179432	0.39254037	0.44628405	0.43527614
0.08941811	0.08344954	0.07923782	0.30168182	0.31542221	0.31477692
0.18371576	0.18146008	0.18633674	0.30593672	0.31870034	0.31729074
0.01413511	0.01286733	0.01631653	1.66336412	1.58379042	1.64294173
0.54375536	0.55834835	0.57149594	0.14772602	0.14456588	0.14033733
0.00142206	0.00128298	0.00151537	0.17096218	0.17980432	0.17858577
0.09334569	0.08807599	0.0869721	0.00355926	0.00301073	0.00185643
0.06091272	0.06008885	0.06310638	0.15259291	0.14871088	0.16209702
0.45135925	0.45572133	0.47622685	0.07131745	0.07008808	0.08281837
0.09724804	0.1017414	0.10569417	0.33280088	0.33472305	0.32401014
0.06772459	0.06324977	0.07006996	0.21238924	0.20626717	0.21793422
0.04854946	0.04751021	0.04925806	0.03944117	0.04194865	0.04417147
0.25461928	0.28280353	0.2575167	0.3260367	0.32755637	0.32185845
0.00250562	0.00314081	0.00401268	0.00367101	0.0028983	0.00373044
0.08745513	0.08460092	0.08577467	0.02521271	0.02040122	0.02717644
0.47863529	0.48813802	0.47558784	0.43284794	0.42877077	0.43771262
1.75640495	1.7769088	1.76708391	1.07914275	1.10388568	1.13715349
1.27965043	1.30024056	1.27170069	1.78287743	1.8080966	1.83800452
0.26554433	0.25992136	0.25190553	1.10287922	1.10435377	1.11830338
1.25871604	1.17978676	1.18904762	0.00337378	0.00187943	0.00315668
0.03029849	0.02942984	0.02721535	5.27856857	5.36490798	5.54614558
0.00050608	0.00050608	0.00050608	0.00047983	0.00047983	0.00047983
0.61614575	0.58123687	0.58940595	0.85946146	0.8717913	0.88276518
0.00087001	0.00068545	0.00050608	0.00047983	0.00047983	0.00047983
0.1330642	0.13375006	0.14772397	0.112046	0.10837651	0.10920713
0.00050608	0.00050608	0.00050608	0.00047983	0.00047983	0.00047983
0.1541657	0.14981229	0.14229219	0.00047983	0.00047983	0.00047983
0.00265079	0.00306235	0.00269769	0.00047983	0.00047983	0.00047983
1.5972366	1.5917471	1.57916942	0.02688784	0.02618087	0.02922954
0.01076933	0.01267659	0.01174861	0.00475709	0.0046003	0.00488133
29.42287619	29.62403486	29.29671593	10.41053095	10.43565894	10.63275128
0.02747641	0.03221119	0.02786048	0.01037844	0.00896496	0.01000452
0.6646388	0.65664677	0.65278407	0.32253173	0.31929006	0.32283187
0.17315937	0.17119259	0.17102354	0.39324115	0.38954899	0.41011665
0.3972784	0.38590292	0.3970304	0.3630105	0.34335623	0.3708208
3.34393524	3.35749708	3.32751057	1.37021442	1.36057117	1.3246353
0.00302483	0.00266947	0.00235664	0.00047983	0.00047983	0.00047983
0.00050608	0.00050608	0.00050608	0.00047983	0.00047983	0.00047983
0.00539829	0.00735425	0.00694107	1.60548886	1.54917148	1.53563532
0.12925702	0.13207629	0.13729801	0.07109974	0.06868423	0.07378543
0.33372724	0.32813302	0.33271664	0.00047983	0.00087765	0.00047983
0.03864793	0.0371548	0.0407869	0.10104783	0.10042648	0.11491801
0.54020357	0.59218806	0.5319742	0.58964478	0.57736033	0.55428929
0.0022412	0.00207247	0.00302102	0.31952341	0.31500483	0.30218153
2.7440713	2.82403586	2.73205543	0.53167968	0.54103961	0.51614713
0.04059674	0.04200532	0.04288457	1.65979712	1.58339609	1.59152138
0.2114278	0.21052818	0.2251594	0.09575207	0.09883537	0.10262047
4.13211142	4.3277535	4.13814368	0.58930232	0.55118454	0.63540591
1.08662302	1.07213449	1.09051595	0.8986982	0.89043205	0.88159166
0.01591004	0.01429954	0.0163249	0.00572354	0.00596707	0.00714415
3.88768289	3.89646821	4.00564205	0.29893832	0.42197315	0.40137003
1.66633719	1.66255352	1.69522373	0.89395512	0.94183035	0.90301818
0.1479006	0.15907518	0.1528033	0.01069866	0.01103875	0.01078041
0.490397	0.50328325	0.48154606	0.67604972	0.66706158	0.66632355
0.00050608	0.00050608	0.00050608	0.00047983	0.00047983	0.00049691
0.05650784	0.05872929	0.05867525	0.06951727	0.07346927	0.06737811
8.26254811	8.11010429	8.14451244	11.21098042	11.23436569	11.18450533
50926.73655	53351.96621	52189.79917	52032.4796	50708.42835	50326.70695
1.30473341	1.35925785	1.27824883	1.45946863	1.46550472	1.45242028
0.21316956	0.21824485	0.24995792	0.00060847	0.00058783	0.00063694
0.25598776	0.25777774	0.2622563	0.43768132	0.44647811	0.4560573
0.00444639	0.00751884	0.00671611	0.17360647	0.17749926	0.16756303
0.02024638	0.02273734	0.02099883	0.02567638	0.02623848	0.02691682
0.00709265	0.00705218	0.00736306	0.00079758	0.00086427	0.00059862
6.82437434	6.73497045	7.27109012	1.19272062	1.18155176	1.15773265
0.10369717	0.1053762	0.10018661	0.0183698	0.01894998	0.01749732
0.75629229	0.75688714	0.76463958	0.21138122	0.2039529	0.22127784
24.94418445	26.29749009	26.4194833	0.00048939	0.00048939	0.00048939
3.19733603	3.25360528	3.54834369	0.00065785	0.00077733	0.0008445
0.00774305	0.0085338	0.00788213	0.00048939	0.00048939	0.00048939
0.83622115	0.79649463	0.85013161	0.90842515	0.89170906	0.92773616
0.14056206	0.12954216	0.13180967	13.18037942	13.68737141	13.28515869
0.00110816	0.00111626	0.00174693	0.0014984	0.00151284	0.00246116
0.19985312	0.21049249	0.20704294	0.02609242	0.0245583	0.02476386
0.10146603	0.09953593	0.09873177	0.02195683	0.02204404	0.01956988
0.15049141	0.16073073	0.16655151	0.00048939	0.00048939	0.00048939
0.76029781	0.75912383	0.77114219	0.36247316	0.34174587	0.34946038
0.3542134	0.35157323	0.35185132	0.33288215	0.32422996	0.32307197
0.09940363	0.10075339	0.09759666	0.10770836	0.11499679	0.10818324
0.4261859	0.39204842	0.41912288	0.23662727	0.21937891	0.23655393
2.22890674	2.25992942	2.236086	0.09470504	0.10498113	0.09473449
2.32305269	2.2961762	2.38420516	0.00048939	0.00048939	0.00048939
0.00599798	0.00690935	0.00610357	0.3346858	0.3367324	0.35207271
0.10143431	0.10287929	0.11520141	0.23938642	0.24800611	0.24646892
0.42227427	0.40862746	0.43314939	0.00188185	0.00299664	0.00344682
0.02618061	0.02811005	0.02470128	0.04375844	0.04576626	0.04113804
0.50531509	0.50289955	0.51736082	0.05437522	0.05389041	0.05575237
0.00051	0.00054468	0.00051863	0.00130819	0.00177713	0.00112049
0.00051	0.0007489	0.0009309	0.04295325	0.04070733	0.03800353
0.64783411	0.69576992	0.70063841	0.02777434	0.02907489	0.03466375
0.00178881	0.00154687	0.00146388	0.00049508	0.00048939	0.00048939
0.49684456	0.4823137	0.48563943	0.00114616	0.00049525	0.00086046
1.37651146	1.3255909	1.31318785	0.20494874	0.21379926	0.21212706
0.21657312	0.22168929	0.21929858	0.0476023	0.04655249	0.04295244
0.99840825	1.00087266	1.00757852	0.98901408	0.99290766	0.99623087
0.80426045	0.77463096	0.77206101	0.00187455	0.0013931	0.00085164
4.3776843	4.40567134	4.64746702	7.77408389	7.35101592	7.45021446
0.00099273	0.00142806	0.00136125	0.09293474	0.09424118	0.09803816
0.00169939	0.00242525	0.00188399	0.00059353	0.00075924	0.00092098
0.09553283	0.09723845	0.10099398	0.06217335	0.0643465	0.06517501
3.76053811	3.93016945	3.97592614	0.4415732	0.43252348	0.46288505
0.18342529	0.16894815	0.17785145	0.18407722	0.16765076	0.17646343
0.54597563	0.51663776	0.53656992	0.64702597	0.65638999	0.6186357
0.0007846	0.00051	0.00051	0.00169519	0.00112238	0.00164643
0.33451142	0.31760765	0.36188815	2.07011494	2.07244963	2.08666681
9.41325101	9.65784477	9.61048518	0.00307614	0.0038138	0.0035409
0.04809337	0.04615113	0.05218452	0.18889737	0.19036416	0.19007787
0.6191162	0.58836981	0.59270511	0.09231513	0.08873868	0.08961696
0.17302268	0.1668673	0.16838485	0.02545526	0.02564031	0.02290544
0.23903908	0.24649729	0.24213936	0.46252345	0.4657263	0.43112314
0.0010841	0.00121532	0.00081325	0.00048939	0.00048939	0.00049991
0.49414371	0.50378285	0.48499389	0.4654332	0.47551103	0.45581391
0.54124049	0.5681555	0.52172329	0.00085964	0.00108192	0.00082593
0.26971838	0.2603728	0.24027599	0.32050808	0.3062011	0.30596378
0.21376021	0.2254855	0.22338793	0.40902915	0.41378315	0.41116664
19.88132351	20.93340853	22.4648969	8.35302378	8.23230461	9.08321567
0.21121339	0.21258871	0.20613534	0.0242744	0.02755019	0.02169724
0.0006986	0.00072542	0.00057812	0.0006401	0.0013247	0.00149611
0.30781395	0.3296871	0.33110025	0.18632451	0.19619269	0.19427752
1.14068854	1.14312762	1.13360294	0.18492729	0.17398795	0.18844101
20.12577391	19.70125769	19.86612496	7.42785996	7.47491879	7.54097818
0.31461878	0.33349732	0.32083194	0.30908991	0.30498605	0.28872838
0.01679941	0.01604648	0.01799339	1.5538141	1.53515512	1.54788975
0.46919243	0.47063438	0.47893535	0.44845643	0.45312164	0.4372902
0.00051	0.00051	0.00051	0.00048939	0.00048939	0.00048939
0.00051	0.00051	0.00051	0.0015634	0.00120749	0.00082451
0.06541776	0.06633662	0.06659881	0.00048939	0.00048939	0.00048939
0.09608234	0.09362227	0.08885298	2.62503443	2.73355898	2.82119623
0.00515877	0.00757981	0.0066591	0.00048939	0.00048939	0.00048939
0.04251432	0.04402941	0.04871422	0.36014483	0.36138575	0.35421346
0.08203183	0.08665284	0.09104163	6.12173229	6.14514744	6.00600375
0.0277846	0.03181329	0.03432215	0.00379256	0.00352277	0.00400667
0.03258781	0.03337833	0.03396442	0.00048939	0.00076913	0.00177342
2.71397247	2.81650302	2.70437305	0.01600525	0.0154181	0.01728678
0.40490177	0.41306319	0.40152001	0.39458839	0.41339755	0.41257912
0.45202802	0.44167738	0.44460903	0.24731807	0.24964199	0.25009684
0.09707127	0.10127128	0.09934786	0.05755742	0.05845365	0.06017852
0.02580959	0.02524838	0.02548005	0.00048939	0.00048939	0.00048939
0.13838626	0.13736483	0.13008739	0.07692155	0.07719755	0.06899892
0.59126776	0.56707773	0.58361857	0.95862292	0.95942932	0.95479517
0.1292755	0.13071437	0.12062229	0.00048939	0.00048939	0.00048939
0.2451563	0.23867835	0.24237792	0.24191053	0.24518058	0.24891081
2.42079949	2.23808175	2.39027504	1.70596794	1.7676796	1.77535169
0.12288995	0.11501746	0.11053737	0.05665349	0.05730263	0.05659586
0.63272198	0.39273629	0.61480354	0.42458653	0.42372095	0.43150048
0.44288073	0.45529017	0.4623176	0.1020507	0.10131897	0.09513048
0.21119748	0.2203749	0.21565921	0.00366099	0.00273311	0.0031794
0.00322372	0.00589172	0.00463465	0.00048939	0.00048939	0.00048939
0.00051	0.00051	0.00051	0.00681434	0.00738854	0.00659927
0.77213542	0.84052818	0.84265658	0.75459482	0.74622118	0.78604679
1.27455227	1.35172887	1.32598754	1.47751405	1.47681036	1.39027344
1.18133325	1.13902946	1.21690776	0.56073912	0.53739566	0.54525304
8.49022611	8.55281471	8.25199185	11.80195311	11.76653485	11.70047331
50284.50024	51101.82271	49016.78463	54207.54726	54621.52374	52955.30212
1.41527291	1.40324045	1.3360208	1.26103599	1.33513038	1.21207481
0.50642836	0.51634599	0.52760685	0.0111807	0.0120809	0.01325672
0.00373886	0.00361506	0.00232941	0.00049016	0.00049016	0.00049016
1.00370296	0.9996944	1.05484763	0.97421915	0.97509732	1.04838564
0.19970645	0.21145723	0.22633873	0.2164278	0.22070787	0.22791479
0.00388542	0.00377186	0.00494681	0.00402076	0.00424163	0.00461937
0.00049585	0.00049585	0.00049585	0.00049016	0.00054972	0.00049016
0.00083386	0.00089423	0.00061385	0.12955716	0.12342686	0.12405966
2.32644381	2.31263478	2.41471407	0.0231354	0.02478475	0.02405239
0.67767609	0.65786482	0.65887892	1.05380383	1.043305	1.0093896
0.0609044	0.06013109	0.05993664	0.54059416	0.55091	0.54458996
0.27789598	0.28520254	0.27528401	16.11202938	16.43719733	16.69475763
0.40517288	0.42164073	0.39020945	0.22762176	0.22885491	0.22612497
0.51703411	0.51984955	0.54810375	1.9030822	1.89885161	2.07995242
0.00064312	0.00081882	0.00058905	0.03919966	0.03974172	0.03658876
0.35386914	0.36954485	0.36676467	0.13892435	0.14997294	0.16112196
0.1792973	0.17601239	0.18128396	0.20705258	0.21463879	0.21807823
0.43141759	0.43014337	0.43618361	0.00267952	0.00321068	0.00228063
0.0013272	0.00081866	0.00129855	0.20885139	0.22207395	0.20151273
0.10414826	0.1051061	0.10502835	0.06433354	0.06482527	0.06263572
0.14560955	0.15195219	0.14812515	0.794104	0.81950554	0.79358972
0.4666199	0.45851989	0.44369516	0.38745478	0.38872082	0.34806072
2.47209987	2.47862689	2.55074932	0.85620527	0.88647977	0.85894413
0.90527169	0.9160919	0.88580136	0.65440732	0.64414067	0.65375226
0.01942956	0.02074698	0.01942343	3.12057725	3.0929836	3.19408787
0.10049088	0.10458157	0.10009353	0.00749923	0.00729814	0.00859379
0.47781947	0.46636008	0.47660029	0.04524225	0.03951721	0.0432515
0.61370268	0.62278766	0.64569093	0.09526661	0.08636018	0.08710533
0.43399367	0.4592439	0.4569988	0.24501321	0.25964324	0.26981626
0.71735107	0.70635203	0.70495639	1.00195176	0.97045551	0.98441865
0.03141441	0.03748652	0.03741341	0.04640215	0.04591224	0.04995285
0.67686956	0.67046992	0.68698505	0.47595832	0.47175373	0.49285269
0.00083433	0.00053598	0.00063812	0.00049016	0.00083016	0.00070235
0.05913327	0.06032194	0.06184738	0.00800699	0.00868895	0.00973281
0.46182882	0.48376733	0.47520492	0.1365679	0.13682235	0.13841838
0.24328665	0.23590737	0.23805927	0.02385039	0.0231202	0.02371791
0.23343392	0.22793463	0.23013958	0.47168326	0.46973087	0.4838389
0.20230398	0.20417404	0.20754601	0.38081979	0.39046634	0.36839789
0.89953065	0.90198228	0.90576727	0.97218022	0.98158847	0.97390887
0.12327529	0.1158929	0.12952675	0.04183471	0.04085937	0.04108953
0.00369261	0.00374932	0.00284817	0.00049016	0.00049016	0.00049016
0.24766611	0.24154972	0.22768969	0.0050951	0.0069992	0.00366431
0.62504366	0.63448791	0.62934918	0.00136387	0.0013746	0.00101436
0.36507071	0.36827238	0.37674639	0.03555429	0.02985353	0.03102249
0.04738524	0.04876405	0.04888499	0.13705574	0.13069491	0.12408569
0.3929387	0.4062847	0.39897465	0.00049016	0.0007587	0.0004907
0.12219448	0.11715729	0.12574627	0.12008038	0.11408684	0.12053949
0.09165182	0.09373782	0.09671159	0.02181491	0.02288544	0.02253013
0.47272462	0.47396774	0.46323237	0.00051163	0.00068035	0.00049016
0.1507232	0.14880282	0.14357091	0.04367577	0.04305395	0.0424695
0.24776966	0.2504016	0.24705364	0.31455662	0.31702703	0.31267999
0.15958192	0.16466581	0.16399455	0.32250937	0.31496052	0.32190213
0.33168838	0.34080575	0.3631898	0.29922327	0.33634838	0.32453231
0.00079446	0.00078954	0.00099155	0.08339395	0.0830789	0.08578607
0.35261991	0.35789009	0.35212753	0.29755876	0.30572754	0.30920932
0.33982812	0.33108718	0.33210843	0.00216362	0.00218441	0.00152295
0.11757179	0.11476054	0.11470502	0.12225901	0.12822926	0.12231514
0.21579192	0.20459485	0.21541851	0.11074306	0.11204572	0.11980333
1.22292021	1.20538103	1.24767631	0.01068054	0.01140048	0.01100169
0.03437935	0.03674654	0.03504428	0.00428689	0.00496576	0.0049302
0.47609551	0.49498249	0.49059809	0.50510096	0.49551153	0.51140007
0.16028515	0.16402769	0.16499329	0.20416069	0.20819644	0.20883567
0.16686523	0.15861312	0.16503761	0.11686895	0.11703093	0.11345463
0.05160948	0.05287805	0.05565886	0.0265376	0.02482088	0.02570965
0.01884722	0.01907107	0.01990863	0.03728987	0.0416119	0.04045064
0.13692548	0.13538722	0.14204378	0.04209899	0.03783634	0.04274032
0.12195454	0.12987291	0.12278203	0.29286189	0.29363112	0.27890455
0.22261131	0.22102492	0.22945667	0.12708343	0.13373819	0.12851542
0.10277525	0.09502456	0.10316675	0.20028956	0.17810659	0.19659401
0.00635483	0.00686246	0.00701611	0.00451891	0.00496862	0.00515957
0.00702242	0.0058418	0.00770815	0.00049016	0.00049016	0.00049016
0.43739923	0.45115236	0.44881159	0.07334809	0.07884768	0.07389761
0.11253577	0.11417649	0.11275434	0.05140763	0.05139193	0.05108226
1.802429	1.77848828	1.8744683	0.25750485	0.25122124	0.27634813
0.0039456	0.00390435	0.00368555	0.01245879	0.01249798	0.01184291
0.02442701	0.02510866	0.02641171	0.20767259	0.22013125	0.21855731
0.01314619	0.01298748	0.01407549	0.32828627	0.32145182	0.33216317
0.11006533	0.10549968	0.10853994	0.67825719	0.6685824	0.68907373
0.00329048	0.00384731	0.0029668	0.00306618	0.00281439	0.00284116
0.14874076	0.14563419	0.13139798	0.00175089	0.00163677	0.00188115
2.6230046	2.66241275	2.50875384	2.41651603	2.46925773	2.3479109
1.61632968	1.63925123	1.64045391	0.7890787	0.78133999	0.8097706
0.51775028	0.50504633	0.4913287	0.29298493	0.30171051	0.31072119
0.00184905	0.00127195	0.00184143	0.00667549	0.00659762	0.0055697
2.93784243	2.895646	2.90243545	1.81028883	1.7710514	1.74860498
0.21222689	0.21905751	0.20339718	0.1987858	0.19517294	0.19487501
0.4093247	0.41768594	0.4074115	0.07345313	0.06121159	0.07145302
0.07875636	0.07940963	0.07955452	0.52034727	0.49890233	0.51527008
0.00049585	0.00049585	0.00049585	0.00049016	0.00049016	0.00049016
0.65863351	0.64854213	0.64811106	0.74696915	0.76443001	0.74714849
0.01666777	0.02056888	0.01841952	0.01574199	0.01548228	0.01545424
0.33138321	0.33900991	0.35608552	0.24673379	0.24356559	0.26514224
2.24609698	2.16668095	2.26438719	0.61512723	0.60267692	0.5949672
8.60484336	8.67381673	8.50662195	11.56200819	11.66885528	11.69283149
0.36331573	0.36366503	0.36046887	0.57585467	0.66677228	0.58258658
51236.38823	51751.80531	52614.66866	50460.32962	53955.40953	49652.90237
1.41114382	1.41879225	1.34432914	1.19648742	1.25109387	1.14300402
3.11517755	3.07307094	3.06996471	1.47403257	1.43849112	1.4600656
0.9085728	0.91058299	0.88991646	0.77314947	0.7675808	0.77652577
0.70392971	0.71197861	0.71811731	0.15176157	0.1451597	0.15030854
0.21243662	0.20951351	0.21350487	46.30445178	45.86344109	42.31093957
1.12670417	1.11232672	1.19488946	0.57036705	0.58202993	0.56128017
0.00188889	0.00264613	0.00206491	0.00230889	0.00201531	0.00177373
0.67845146	0.67484119	0.6985765	0.24771604	0.24596614	0.25806357
0.17652013	0.17433043	0.18026929	0.00047418	0.00108529	0.00128729
1.62186523	1.5855635	1.58972888	0.02550554	0.02258358	0.02147746
0.22717922	0.23424081	0.22552396	0.0023769	0.00181936	0.0027146
0.01330642	0.01387935	0.01494036	0.79627829	0.7931646	0.81540283
0.01909301	0.01700502	0.01793335	0.01757329	0.01984207	0.01721353
0.18876871	0.18486116	0.18091669	2.69443045	2.68633757	2.63179892
0.00576789	0.0058648	0.00841563	0.00141821	0.0012878	0.00138642
1.77732842	1.8213918	1.79874189	0.04577905	0.04211197	0.04201923
0.86177901	0.84655859	0.90403007	0.01114455	0.01203559	0.01200308
0.02275741	0.02121325	0.01964583	0.00047418	0.00047418	0.00047418
0.24770367	0.24681013	0.23743774	0.00340569	0.00450323	0.00399514
0.39252996	0.38304684	0.40281701	0.04467942	0.04539034	0.04400368
1.74272048	1.82320484	1.78444916	0.48225858	0.47891484	0.47445614
0.19219156	0.20175846	0.20343405	0.09371078	0.09325996	0.0960657
0.96611579	1.05683804	1.03243324	0.04792009	0.04723537	0.05213557
0.00363366	0.00401836	0.00419405	1.14717294	1.20622651	1.11640478
0.00286009	0.0038054	0.00419713	0.48574727	0.49386972	0.5157503
0.00184603	0.00169755	0.00114283	0.4088892	0.42291967	0.42871764
11.66712475	11.66655867	11.86759194	3.45296918	3.65384997	3.55789708
0.06886305	0.07603884	0.07131545	0.03645459	0.03739638	0.03407571
7.54703467	7.52633237	7.68370362	0.00734662	0.00781469	0.00968287
0.13561003	0.13458834	0.12897057	0.15193003	0.14452879	0.14764413
0.02977663	0.03323489	0.03412973	0.00047418	0.00047418	0.00047418
10.11615815	10.2622241	10.61990173	0.08187771	0.08431036	0.08630058
0.00976082	0.00903237	0.012089	0.00047418	0.00047418	0.00047418
0.98655869	0.99428433	1.01938995	0.97943266	0.97229524	1.00749822
0.5921968	0.5965953	0.62801484	0.92570642	0.92959845	0.89081821
0.0511122	0.047019	0.03875282	0.3578011	0.34700412	0.35047337
0.00049723	0.00049723	0.00049723	0.00047418	0.00047418	0.00047418
0.06070111	0.06001988	0.06217095	0.60842002	0.58497871	0.58575452
0.00728343	0.00749243	0.00779017	0.00308305	0.00306985	0.00324718
0.00049723	0.00061192	0.00049723	0.00047418	0.00093072	0.00080837
0.00192195	0.00313081	0.00258629	0.00514251	0.00539377	0.00397515
0.01489644	0.01592677	0.01641763	0.10206895	0.09459054	0.09371344
0.72696883	0.73994286	0.75344008	0.2799597	0.27749511	0.2863834
0.0032231	0.0032527	0.00336473	0.85288571	0.88190271	0.8652126
0.00855542	0.0075547	0.00679584	1.22986304	1.25731347	1.2493615
0.00638798	0.00687114	0.00634439	1.59624719	1.64602271	1.66993573
0.31341352	0.31484778	0.33192683	0.08359844	0.08233868	0.09049529
0.07122843	0.07915983	0.07847249	0.20312943	0.19112176	0.20606453
0.05619714	0.06240622	0.05817699	0.05403609	0.05837237	0.05454679
0.01345023	0.01213154	0.0115203	0.64965929	0.64793119	0.64800996
0.12201693	0.12479712	0.11463415	0.00150415	0.00106681	0.0007428
0.73816719	0.71468028	0.71568418	0.00758183	0.00723453	0.00829377
0.00049723	0.00112868	0.00079929	0.0143357	0.01523107	0.01724048
1.24435572	1.20874306	1.2148627	0.27739817	0.29863657	0.27934287
0.00711804	0.00735052	0.00857727	0.00225347	0.00239164	0.00278603
0.62658475	0.6258819	0.64695512	0.50315459	0.52782111	0.53578451
0.00049723	0.00049723	0.00049723	0.00047418	0.00047418	0.00047418
0.02736298	0.02568889	0.02817691	0.010983	0.01116346	0.0097686
0.01811188	0.01659577	0.01412932	0.00063201	0.00047418	0.00060844
0.36757574	0.36184711	0.35514199	0.46402148	0.45888816	0.46964392
0.11693143	0.11501502	0.11905962	0.05738516	0.05833646	0.05489139
0.45583547	0.4669988	0.45566388	0.21478034	0.21643311	0.2188037
0.26453138	0.2870604	0.29941653	0.00278533	0.0035358	0.00462615
0.95181892	0.94480723	0.93192919	1.35646184	1.36496545	1.36428268
0.27667372	0.26910231	0.27548746	0.57170553	0.58336881	0.63098599
0.26690691	0.25943165	0.25957711	0.35865307	0.33129728	0.34388813
0.00183851	0.00201089	0.00171847	0.00481335	0.00351005	0.00498553
0.01417112	0.01335159	0.01316794	0.21599203	0.21894702	0.22394699
0.46192082	0.44422855	0.44842471	0.19833981	0.1951736	0.18414455
0.02618245	0.02864063	0.0237177	0.16132616	0.16747767	0.16874063
0.00617298	0.00363656	0.0046617	0.02044819	0.020892	0.02233656
0.13562178	0.1478559	0.14092448	0.0013568	0.00085814	0.0012327
0.00049723	0.00049723	0.00049723	0.00047418	0.00047418	0.00047418
0.03326454	0.03030207	0.03513563	0.04182736	0.03920254	0.0466954
0.05470103	0.05033791	0.04897595	0.2904292	0.28186531	0.27859534
4.47156814	4.57035399	4.83671058	0.70124401	0.73421429	0.71882376
0.05448539	0.05616337	0.05221264	0.09820495	0.08815858	0.09254423
0.79994744	0.80258086	0.79878241	0.63913162	0.64400377	0.63579716
0.03537066	0.03620091	0.0280847	0.00488307	0.00587452	0.00643193
1.36685373	1.39022974	1.38465636	0.69206267	0.65449931	0.68920613
0.03794861	0.03658816	0.03811997	0.06994937	0.06940521	0.07043647
0.00144126	0.00128395	0.00112912	0.00070734	0.00061407	0.00078868
1.85303419	1.86941115	1.86869645	0.00200091	0.00185305	0.00164102
0.00433354	0.00502901	0.00373212	0.85226729	0.8480946	0.84480181
0.07057455	0.07168399	0.06284172	0.01725967	0.01928182	0.01741047
2.3312514	2.3637065	2.24300787	1.15023323	1.14532169	1.1593185
0.01418964	0.01501507	0.01744486	0.00946089	0.00987624	0.01027028
0.98049442	0.95154945	0.91897884	0.09813415	0.09062985	0.09926954
0.0015129	0.00139256	0.00140584	0.29699834	0.28772707	0.30615254
0.46745391	0.48331774	0.48572864	0.11794786	0.1194653	0.12800092
0.09609768	0.10787859	0.10785967	0.00047418	0.00047418	0.00047418
0.44700909	0.45964339	0.45952353	0.22767436	0.23565105	0.23402335
0.00614682	0.00528343	0.00520925	0.32607339	0.33469996	0.32594794
3.00086112	3.10022822	3.06817325	0.00166011	0.00175859	0.0013347
8.22898573	8.01164581	7.9455981	10.7011356	10.84603524	10.77463198
47304.31275	48630.63569	49416.30261	49320.94083	49969.5221	49684.26492
1.42917409	1.3894673	1.39076205	1.20908261	1.19922864	1.12295055
6.00618657	6.00487823	5.70614706	0.90920442	0.88907168	0.89024997
0.01414355	0.01707205	0.00990316	0.00048363	0.00048363	0.00048363
0.06993277	0.0723136	0.0713981	0.19667375	0.17938175	0.18436721
0.99317008	1.01531673	0.98893119	0.97960255	1.00389353	1.02175264
0.4136171	0.44046348	0.44575573	0.0063563	0.00558519	0.00543566
0.00612144	0.00531057	0.00561154	0.00067177	0.00085738	0.00114354
0.22194955	0.23011555	0.23919063	0.15916547	0.16465369	0.16543061
0.08732295	0.08835615	0.08797141	0.45101776	0.45640452	0.44961701
0.05654986	0.05824716	0.0636701	0.00629107	0.00620339	0.00739922
0.36122075	0.36136445	0.3589852	0.38257691	0.37799179	0.40236833
0.1508579	0.1515183	0.15691268	0.00493852	0.0051832	0.00561217
0.02975848	0.0333487	0.03189575	0.00664088	0.00667717	0.00651814
0.08917295	0.08921848	0.08998941	0.48818867	0.53792616	0.56702804
0.01356483	0.01562191	0.01399416	0.01177879	0.01020649	0.01215686
0.82898107	0.83071214	0.81831141	0.16692321	0.16407688	0.16718016
1.31107779	1.43879511	1.43031659	0.00059174	0.00086175	0.00048363
0.05910628	0.06655494	0.06337463	0.08991548	0.09048351	0.09043002
0.31831661	0.31623348	0.32412846	0.00048363	0.00048363	0.00048363
0.00064659	0.00065544	0.00065574	0.00100325	0.00094033	0.0007702
0.01378172	0.01288902	0.01520517	0.1907625	0.19142972	0.19250845
0.00139075	0.00175514	0.00169651	0.00048363	0.00048363	0.00048363
0.11318218	0.11807024	0.11347315	0.05428644	0.05465593	0.05453906
0.11877909	0.1134901	0.1112356	0.8934011	0.88415288	0.87891524
0.00044329	0.00044329	0.00044329	0.00048363	0.00048363	0.00048363
0.00153415	0.00128539	0.00199917	0.00082995	0.00107088	0.00155325
0.22338641	0.24491264	0.24566376	0.2381267	0.24562666	0.24448329
0.0030105	0.00322508	0.00344414	0.09511603	0.09361084	0.09675044
0.00044329	0.00044329	0.00044329	0.00048363	0.00048363	0.00048363
0.04103244	0.04002985	0.04386527	0.0355977	0.03603087	0.03489837
0.00955701	0.01092977	0.00950956	0.50008643	0.49151789	0.49348757
0.86541487	0.86892157	0.84529509	0.34455323	0.32827624	0.33783361
1.41097176	1.39348039	1.43641038	0.00577488	0.0060356	0.00581655
0.53208971	0.52480222	0.54994282	0.94485639	0.93944851	0.93398435
0.49283485	0.52234449	0.52517998	0.00079194	0.00071884	0.00048363
0.10766331	0.11006883	0.10475229	0.08686295	0.08676458	0.09466273
0.03805645	0.03671595	0.03534804	0.16602444	0.16141712	0.17465391
0.14990353	0.15251908	0.15754976	0.10749626	0.10943087	0.11712102
0.53997005	0.52951943	0.50642767	0.51057473	0.51396704	0.49251058
0.00044329	0.00044329	0.00044329	0.00048363	0.00048363	0.00048363
0.01746223	0.01620039	0.01678167	0.00048363	0.00048363	0.00048363
0.1553558	0.1562375	0.14926294	0.07325553	0.06975156	0.07848076
0.89160434	0.86884443	0.89149664	0.99197706	0.97194641	0.97652597
0.18764614	0.1826588	0.17600156	0.22289652	0.21852931	0.21089287
0.01006676	0.00861105	0.00834099	0.27093154	0.27727546	0.29806971
0.0516636	0.05006526	0.05189812	0.06375181	0.06387282	0.06603389
0.00044329	0.00044329	0.00044329	0.00148478	0.00102798	0.00243444
0.00087478	0.00049199	0.00108551	0.00048363	0.00048363	0.00048363
0.06787724	0.07053916	0.06945979	0.01484904	0.01479701	0.01392559
0.00044329	0.00044329	0.00044329	0.0273841	0.02744828	0.02711168
0.30018114	0.32657955	0.31475386	0.41221861	0.42402028	0.42365673
0.00044329	0.00044329	0.00044329	0.00048363	0.00048363	0.00048363
0.00086723	0.00088188	0.00083214	0.09416276	0.09460981	0.09559776
0.6362299	0.59565913	0.61285267	1.83462727	1.83885781	1.86884106
0.06666024	0.06910054	0.07223351	0.10637759	0.10253414	0.10546978
0.00250458	0.00188211	0.00216168	0.01249234	0.0128092	0.01294993
0.32779896	0.31743971	0.32719311	0.16357151	0.16307041	0.16020629
0.29731413	0.2729357	0.2874512	0.29105944	0.29180594	0.2811665
0.00168259	0.00120586	0.0015745	0.18223546	0.17748821	0.18449165
0.00742041	0.01014825	0.00903825	0.00976234	0.01015403	0.00965573
0.24139027	0.23864078	0.24107207	0.18670997	0.1810717	0.18704351
0.72396667	0.72391332	0.6804027	0.58288483	0.6273917	0.61150879
0.13928884	0.13366996	0.13398295	0.13547923	0.14072118	0.15331399
0.04679233	0.05027088	0.05341121	0.0847513	0.08408259	0.07850973
0.03394054	0.03329483	0.03127143	0.10019405	0.08714403	0.0918069
0.00286765	0.00323266	0.00347119	0.11085729	0.1175788	0.11262199
0.30095773	0.31837181	0.31646206	0.12079034	0.12910938	0.12576247
0.42574637	0.41987442	0.42452815	0.14432378	0.14753416	0.1457635
0.01184768	0.012016	0.0159213	0.00048363	0.00055416	0.00048363
0.0613417	0.05795487	0.06639001	0.01508258	0.01506594	0.01724806
0.0006572	0.00064167	0.0005745	0.03528834	0.03661191	0.0328798
0.01221897	0.01425531	0.01137747	0.08765345	0.08799221	0.0863613
0.20828649	0.21229251	0.22726465	0.23994545	0.24484803	0.26932005
0.00333965	0.00343351	0.00259008	0.00048363	0.00048363	0.00048363
0.01002221	0.00926154	0.00939263	0.20419698	0.20130332	0.20537204
0.07960878	0.08081739	0.07724487	0.08039906	0.07571387	0.07569962
0.00641791	0.006463	0.00662476	0.39176968	0.3946713	0.37791122
0.35476946	0.34695302	0.35248993	0.17676924	0.17591261	0.17810355
0.02370514	0.02187682	0.02756619	0.00058856	0.00048363	0.00054129
0.02779532	0.02763547	0.02804588	0.70542921	0.71332412	0.71841817
0.28428851	0.28819791	0.29338973	0.12702597	0.11935973	0.1212758
0.0062673	0.0067759	0.0066641	0.05096805	0.05193928	0.05211799
0.02689418	0.02584584	0.0266129	0.00068614	0.00082577	0.00090301
0.01550994	0.01577271	0.01401305	0.65747938	0.65085822	0.63090696
0.00096378	0.00045684	0.00044329	0.00048363	0.00048363	0.00048363
0.10355082	0.09788113	0.09823975	0.15823248	0.16125707	0.15182722
0.00543263	0.00570717	0.00588369	0.00048363	0.00048363	0.00048363
0.17564701	0.17031719	0.17427507	0.10758638	0.10531848	0.09731715
0.3511412	0.3534888	0.3658099	0.00373882	0.00332444	0.00351424
1.05574049	1.11908018	1.16821451	0.0005773	0.00076323	0.00089412
0.33785892	0.33929497	0.32977139	0.18102822	0.17851707	0.18048284
0.15251308	0.15167324	0.15763759	0.06104782	0.06117863	0.05936178
8.95084906	8.74618055	8.30148446	11.10171148	11.19641731	11.05056554
27.64359859	27.33397592	27.58493776	3.6105505	3.72174319	3.7059844
0.63005193	0.64574381	0.633342	0.24222317	0.23437816	0.24410535
48039.74758	47734.75651	48126.56016	53973.08272	54002.6521	56258.62921
1.39079224	1.40657518	1.33896555	1.23154017	1.32352345	1.25885546
0.05556897	0.05374516	0.05660203	0.00929017	0.00893804	0.01055225
0.99868754	0.98436476	1.02585354	0.95907338	0.97903516	1.04207981
0.17512302	0.1728869	0.16821064	0.05394415	0.05195474	0.05160553
0.00046296	0.00129296	0.00081608	0.18018089	0.18151571	0.17212567
0.47182764	0.48225796	0.50557872	0.20107416	0.19769269	0.1928908
0.02989039	0.02759707	0.02905649	0.05110852	0.05538273	0.05411455
0.06570583	0.06636782	0.06816773	0.01848416	0.01958634	0.01862935
0.00488891	0.00562954	0.00631386	0.00046434	0.00046434	0.00046434
0.19207094	0.20016295	0.19595516	0.21179928	0.21383644	0.22287619
0.04110937	0.04273737	0.04234246	0.00253258	0.0031951	0.0022944
0.70353652	0.70595514	0.70152322	0.89283812	0.90022315	0.88936294
1.77030569	1.74163597	1.72987099	0.74014414	0.72284578	0.71497555
0.00337701	0.00360668	0.00427213	0.0012607	0.00104496	0.00161991
0.17317674	0.17163172	0.17668136	0.25011837	0.25271806	0.25111496
0.00101641	0.00130755	0.00086014	0.06604709	0.06729147	0.06105276
0.03157403	0.03361994	0.03373335	7.50720785	7.69054114	7.90484129
0.03585458	0.0382916	0.03872109	0.00046434	0.00046434	0.00046434
0.043902	0.04099736	0.0393301	7.41395432	7.2302628	7.26117643
0.07292688	0.06285325	0.07433066	0.00046434	0.00046434	0.00046434
0.00999578	0.00989527	0.01133537	0.06590392	0.06409324	0.07617365
0.00600507	0.00498965	0.006532	0.01124976	0.01011557	0.0138312
0.01380143	0.01232545	0.01219982	2.44871138	2.48125218	2.53165439
0.03934698	0.04399514	0.04175239	4.88678339	5.20068373	5.12312853
0.00897217	0.00926591	0.00767601	0.54449934	0.54904288	0.50256638
0.00048311	0.00046296	0.00046296	0.00879828	0.00931888	0.01125176
0.44528476	0.43163752	0.46012945	0.20747577	0.2126365	0.21759862
0.24070602	0.24486839	0.24279194	0.15380258	0.1478554	0.15571748
0.35672435	0.36558161	0.35332101	0.42323714	0.4330188	0.41974852
0.44260326	0.44100214	0.46358321	1.14861299	1.19266697	1.12127446
0.0207135	0.01986274	0.0192931	0.19918937	0.19663881	0.19569693
0.00087464	0.00104835	0.001709	0.04380942	0.04566214	0.04500038
0.13294889	0.12840187	0.13997574	0.10860991	0.09963679	0.1094015
0.00223409	0.00318489	0.00307524	0.01705725	0.0201295	0.01847328
0.33388552	0.32503124	0.33071665	0.24470763	0.2334992	0.22180348
0.00534707	0.00366768	0.00578957	0.91815913	0.9400813	0.92307302
0.14353749	0.13502709	0.12920735	0.07292079	0.07386039	0.06862691
0.40710015	0.4063282	0.40705449	0.36010525	0.35792085	0.33851314
0.19215234	0.19978417	0.19679288	0.10755691	0.10657532	0.10630043
0.08119879	0.08266771	0.08924335	0.07985868	0.08533965	0.09313891
0.21512428	0.22638308	0.22358123	0.19627522	0.1951645	0.19189227
0.10884004	0.10974513	0.10679127	0.08915911	0.09474359	0.09706962
0.01834489	0.0170182	0.01799304	0.081318	0.08196115	0.07837399
0.91142024	0.99919057	0.93974035	0.87863929	0.8724702	0.84379584
0.01630935	0.01440282	0.01499359	0.11022443	0.11383104	0.11149053
0.01180893	0.01351536	0.01292997	0.53980349	0.53710778	0.54789244
0.08506652	0.08317493	0.08799185	0.1020411	0.10370942	0.09801492
1.28568008	1.31808266	1.36614543	0.47562396	0.42653079	0.51281869
0.00046296	0.00046296	0.00046296	0.00046434	0.00046434	0.00046434
0.74997696	0.74250213	0.75652726	0.5559069	0.5120486	0.52744698
0.03375204	0.03436574	0.03512635	0.05235056	0.05112501	0.05512544
0.00046296	0.00046296	0.00046296	0.00046434	0.00046434	0.00046434
0.02450419	0.02825407	0.02596208	0.10274522	0.10892562	0.10306307
1.13288251	1.1586393	1.21478046	0.65170897	0.65934648	0.621778
0.42232741	0.42645164	0.43453409	1.5513443	1.57323376	1.55497479
0.09420208	0.09969049	0.0942464	0.00396567	0.00420147	0.00404608
0.00078266	0.0008245	0.00113569	0.00046434	0.00046434	0.00046434
0.0971662	0.10525613	0.10319922	0.30683486	0.33529036	0.31296214
0.06468635	0.06211941	0.06016927	0.11061444	0.11705179	0.1148968
0.00268517	0.00273876	0.00295296	0.33813717	0.33140642	0.3492273
0.00933179	0.00591436	0.00820051	0.01300705	0.0120714	0.01270336
0.00853013	0.00768817	0.00720655	1.67567707	1.72551084	1.67601749
0.2813252	0.29378537	0.28976048	0.05876068	0.06207138	0.05803854
0.32294781	0.32746808	0.3249636	0.46864501	0.45007038	0.45250441
0.00540721	0.00455677	0.00531995	1.13190377	1.08207567	1.13604339
0.29299745	0.29315729	0.3002715	0.3181547	0.31994426	0.32027656
0.16138924	0.16130575	0.15753889	0.29754695	0.29494014	0.29485238
0.86017528	0.84142031	0.85780627	0.0608999	0.06356211	0.06111864
0.43875283	0.42514365	0.43329753	0.39869898	0.39121421	0.39118079
8.75015142	8.69367614	8.95577785	3.40140326	3.44416693	3.35242856
0.3275487	0.33145517	0.33773403	0.47354531	0.46992589	0.46037735
0.12986705	0.12358639	0.12198783	0.1332275	0.14342075	0.13556055
0.00659176	0.0062202	0.00634332	0.02586557	0.02740453	0.02656511
0.05824699	0.05939717	0.05016633	0.01382415	0.01506006	0.0184122
0.06270462	0.06493701	0.05878825	0.01536822	0.01437848	0.01627339
0.08664869	0.08060505	0.0832625	0.01145655	0.01223193	0.01238769
0.13243295	0.13449679	0.12906743	0.47228019	0.46683079	0.45226756
1.18090104	1.17027759	1.13155462	1.65260785	1.67649137	1.6627409
0.30353103	0.30313257	0.29592491	0.19185508	0.18532855	0.19287907
38.3505739	39.52329445	38.49981937	18.81932133	17.83329602	18.34154592
0.00067305	0.00082535	0.00046296	0.00046434	0.00046434	0.00046434
0.15269087	0.1507109	0.15504869	0.06524121	0.06871996	0.0666199
0.02853439	0.03068049	0.02879822	0.47529658	0.54866472	0.52210343
0.00046296	0.00046296	0.00046296	0.00046434	0.00046434	0.00046434
0.0579235	0.05923279	0.05875516	0.00769718	0.0063711	0.00755216
0.25197232	0.24998921	0.24401753	0.19287874	0.19475514	0.19525568
0.00332433	0.0029072	0.00323055	0.43798188	0.42915525	0.43199826
0.79744612	0.7756436	0.80782833	0.39489205	0.4089583	0.41071421
0.00231829	0.00311964	0.0030205	0.70466526	0.71079397	0.71959793
0.87727815	0.91869411	0.8842146	0.80645417	0.79534341	0.79678148
0.12616696	0.12714522	0.15932374	0.10757911	0.10959983	0.12562075
0.15676772	0.15560037	0.16140681	0.17683318	0.17233224	0.17118605
0.208941	0.20376779	0.19125873	0.00445099	0.00495515	0.00428159
0.10612384	0.10959238	0.11113841	0.0579593	0.05341974	0.0594286
8.08950565	8.539707	8.19057026	11.32610376	11.23670129	11.27703088
51092.39661	50398.25179	47965.08722	47278.79384	50105.53216	49906.55157
1.41927058	1.43488247	1.41267948	1.17596903	1.18084854	1.12619845
0.36849333	0.37946576	0.38281364	0.203799	0.19374156	0.18601502
1.64144215	1.62975569	1.65415261	0.00306889	0.00437614	0.00446805
0.00294285	0.00408483	0.00326001	0.37807167	0.37845996	0.36648806
0.01136322	0.01094935	0.00911989	2.97024928	2.93915533	2.89921902
0.0807733	0.08576749	0.08503281	0.01097882	0.01108401	0.01352294
0.60916751	0.59870014	0.59754395	0.00225712	0.00287541	0.0026083
0.01425679	0.01631712	0.01304579	0.71578133	0.71637755	0.71605743
0.71759086	0.75607229	0.71931131	0.99172935	0.97310237	0.89815713
0.00648811	0.00935324	0.00812267	0.0052962	0.00394725	0.00591033
0.13629725	0.13133613	0.13967839	0.03754012	0.03740715	0.0380564
0.97297344	0.97622948	1.04717866	1.00953455	1.01937681	0.9912982
0.3542508	0.36361436	0.36816859	0.24885182	0.22772705	0.24693714
5.7027925	5.67005559	5.72229736	0.00044358	0.00044937	0.00044358
0.02257692	0.02434007	0.02843376	0.06444564	0.06976982	0.07286017
0.03671154	0.03773274	0.04039899	0.02342093	0.02234981	0.02332212
0.00104926	0.00096403	0.00054514	0.09135227	0.08905463	0.09683255
0.86530093	0.80928925	0.84127329	0.00074181	0.00117386	0.00052332
0.07559499	0.07747717	0.07411751	0.0025519	0.00181218	0.00177934
0.93441508	0.95036	0.98288025	0.82163657	0.80596516	0.80476829
0.04333559	0.04262622	0.04224653	0.08634358	0.09002495	0.0948152
0.09459985	0.09253945	0.09501081	0.10598656	0.10055729	0.10429472
0.00882729	0.00825606	0.00993548	0.0098639	0.00917956	0.01013393
0.00099359	0.00037563	0.00152463	0.00115313	0.00115384	0.00107803
0.23271751	0.23383634	0.23020449	0.35465034	0.35585086	0.35665554
0.04708822	0.05048633	0.04797981	0.07616139	0.07522767	0.08100352
0.00037563	0.00037563	0.00037563	0.05955344	0.06709909	0.05817462
0.06677772	0.07084076	0.06431972	0.17243675	0.16514138	0.17217018
0.00754877	0.00739694	0.00887611	0.31072965	0.31027463	0.33167277
0.53077928	0.58013141	0.5236945	0.00067818	0.00081894	0.00044358
0.08296699	0.08299819	0.08805854	0.04862652	0.05301744	0.05346282
0.12814825	0.13035272	0.13254978	0.28064626	0.29452147	0.30793531
0.63740242	0.69549302	0.68539281	0.00044358	0.00044358	0.00044358
0.00308546	0.0047615	0.00496953	0.00044358	0.00049753	0.00044358
0.3732021	0.37749994	0.37660374	0.44286627	0.44577074	0.44328301
0.34536998	0.33362148	0.33850768	0.36371363	0.35434516	0.35778723
0.89191011	0.86142553	0.88767769	0.6792421	0.66397404	0.65018544
0.00871219	0.0089831	0.00866079	0.01186518	0.01205686	0.01252609
0.58373798	0.57080087	0.5560599	0.18100611	0.18504038	0.18870658
0.07785915	0.07658979	0.07749368	0.20235145	0.21301834	0.20960731
0.11346866	0.10907871	0.11022859	0.69370937	0.71105366	0.697828
0.23594272	0.23296998	0.24848582	0.45598928	0.44424442	0.46668659
0.13327475	0.13469509	0.13963687	0.36282289	0.35554219	0.35364545
0.00434379	0.00433354	0.00434436	0.01490443	0.01363274	0.01326241
0.17084073	0.17520373	0.1725871	0.0713793	0.07373695	0.07202792
0.05751246	0.0563283	0.06054158	0.1365076	0.14423772	0.1341341
0.05382368	0.05792589	0.05849824	0.01026068	0.01003151	0.01046812
0.16807962	0.17630207	0.16374827	0.00196493	0.00167024	0.00192312
0.13161317	0.1159061	0.1193478	0.18673912	0.18665258	0.18544307
0.01568999	0.01429703	0.01613038	0.01574168	0.01721331	0.01894581
0.54450902	0.54645722	0.57271572	0.28760962	0.27741843	0.30681719
0.54446564	0.5509253	0.5856489	0.34331568	0.26143422	0.26523643
0.01668796	0.01790362	0.01902246	0.02103274	0.02517282	0.02445742
0.08604691	0.08825164	0.09131713	0.07410312	0.08020929	0.07828324
0.50150504	0.50055674	0.51361566	3.5512896	3.58015129	3.62277107
0.04723752	0.0497716	0.05616405	0.10081757	0.09695109	0.09508953
0.80581266	0.8256348	0.83625071	0.00044358	0.00044358	0.00050369
2.76440482	2.64515919	2.84294228	0.89918381	0.84559674	0.88178954
0.28778736	0.2845625	0.26169931	0.79269418	0.81435965	0.76273779
0.21222846	0.19732517	0.21909193	0.03146625	0.03225217	0.03159941
0.1834661	0.18197329	0.17781333	0.06736621	0.06610594	0.0671467
0.00037563	0.00037563	0.00037563	0.00044358	0.00044358	0.00044358
0.0003998	0.00051385	0.00054583	0.00427238	0.00368539	0.00339229
0.00263338	0.001385	0.00260378	0.00118608	0.00134952	0.00089782
0.04368888	0.04341644	0.04232798	0.04434914	0.04404476	0.04506541
0.11984944	0.11562775	0.11871063	0.15300847	0.14895719	0.15100113
0.00037563	0.00037563	0.00037563	0.01265538	0.01336504	0.01538385
0.82321692	0.81476791	0.82254577	1.0438262	1.05337174	1.07125689
0.22830217	0.21740599	0.22330354	0.0743868	0.06839574	0.06888532
8.61860598	8.20083232	8.64796713	10.82879031	11.00878649	11.30591909
49796.89473	51655.50368	49175.73857	55747.07733	56738.65888	56340.53059
1.26057775	1.34504266	1.2641741	1.25414034	1.30028124	1.24142664
0.00064468	0.00081503	0.00066633	0.00512828	0.00471529	0.00563277
0.45767968	0.43440529	0.43654614	0.13169844	0.13359427	0.12537061
0.58425713	0.57423753	0.5790034	0.01653174	0.01430209	0.01689106
0.02921118	0.02861191	0.02673982	0.00913604	0.00917747	0.00881591
0.99682197	1.04637012	1.04941051	0.03653729	0.03594913	0.03884212
0.76849788	0.81633368	0.81336072	0.41894437	0.42244553	0.40463899
1.46718933	1.4799108	1.47449016	0.00337374	0.00275869	0.00337356
0.04970528	0.07979181	0.07786829	0.02396477	0.02338187	0.02091269
0.10113558	0.09314817	0.09475354	0.00745332	0.00655064	0.00673638
0.94331004	0.92007246	0.94013529	0.06717693	0.06517748	0.07032369
1.254816	1.212374	1.2229978	2.28465468	2.3104663	2.26268408
0.03505759	0.03605639	0.03583997	0.06367495	0.0643704	0.06391446
3.32968051	3.63664349	3.65330418	12.79746931	13.32688286	13.47518433
